0.214792886708 0.0614961418871 0.419817016522 0.281295260667 0.416421799376
0.0550099462369 0.662635266862 0.324030166515 0.661725401011 0.239096426855
0.923544916412 0.117128687605 0.522890716761 0.511408445866 0.712509948344
0.618409491645 0.56490477974 0.581307774525 0.542365685787 0.580936832639
0.663545950712 0.467171454327 0.0209900560412 0.352554050508 0.60251508756
0.443777661707 0.430809003689 0.337674537458 0.352031140171 0.322590730081
0.886404608659 0.344110424089 0.899547343756 0.873872645655 0.800347872418
0.338575861251 0.644790228506 0.648373816729 0.0625720091158 0.33481905732
0.257906519138 0.454982396681 0.888574047701 0.345355281743 0.788997416039
0.574192066989 0.817678740281 0.84937756291 0.953374180481 0.709638244323
0.89630569023 0.263260667888 0.506716388709 0.393337193392 0.600520241738
0.369697461203 0.526663237478 0.237736263257 0.15456127845 0.606570773878
0.762853539387 0.397071527119 0.780777743335 0.85302150586 0.927402371371
0.380305803684 0.299548810954 0.535321641671 0.164959867484 0.534917096764
0.60756308913 0.129547123423 0.7865697584 0.480606044704 0.915562609854
0.537670328995 0.942433980444 0.687289739479 0.349428352726 0.116042868429
0.416632301642 0.277468979194 0.191403816879 0.447840155744 0.409132088061
0.374721996853 0.90023598046 0.455943701979 0.166542952471 0.507790377196
0.2226725488 0.361172481257 0.140191894441 0.495335542118 0.507187465225
0.945681834561 0.371263228947 0.564569426828 0.214848401857 0.466636244482
